2, 106.;
3, 180.;
4, 245.;
5, 310.;
6, 375.;
7, 440.;
8, 845.5;
9, 1055.5;
10, 1377.5;
11, 1662.;
12, 1860.300049;
13, 2146.5;
14, 2436.;
15, 2782.5;
16, 3043.;
17, 3382.;
18, 3747.;
19, 4135.5;
20, 4371.;
21, 4529.5;
22, 4888.;
23, 5195.5;
24, 5497.;
25, 5651.;
26, 5912.5;
27, 6182.5;
28, 6443.;
29, 6610.;
30, 7072.5;
31, 7350.;
32, 7602.;
33, 8204.5;
34, 8564.;
35, 8831.5;
36, 9115.;
37, 9396.5;
38, 9710.;
39, 9876.;
40, 10059.;
41, 10472.5;
42, 10726.;
43, 11134.5;
44, 11371.;
45, 11696.;
46, 12214.5;
47, 12503.5;
48, 12754.5;
49, 13040.5;
50, 13345.5;
51, 13599.;
52, 13859.;
53, 14095.5;
54, 14366.5;
55, 14699.5;
56, 14890.;
57, 15142.5;
